3     2    2    2
20
10    4    3   15
7
30
1    1     20    30    2     (2,2)(6,7)
2    2     10    20    2     (2,1)(4,5)
3    3     8     10    0
3    4     16     22    3     (5,1)(7,5)(15,15)
5    5     20    17    5     (5,1)(7,5)(10,15)(12,1)(14,5)
7    6     15    22    0
7    7     13    16    0
7    8     9     60    2     (5,3)(7,9)
8    9     3     40    2     (1,3)(2,5)
9    10    31    21    0
9    11    35    13    0
10   12    50    20    0
12   13    34    15    0
12   14    32    20    0
17   15    32    18    0
20   16    20    20    0
20   17    69    14    0
22   18    42    25    0
30   19    33    35    1     (2.5)
32   20    30    45    3     (2,3)(4,6)(7,4)
32   21    51    40    3     (2,3)(3,5)(6,4)
35   22    2     30    0
35   23    9     35    2     (4,5)(7,8)
35   24    1     25    0
40   25    6     22    1     (5,5)
40   26    5     20    0
41   27    5     33    0
42   28    8     22    2     (2,4)(5,6)
44   29    4     25    0
44   30    2     56    2     (1,3)(4,3)
8       8
10      5
11      6
15     10
20     15
26     17
36     21
42     25