2    1      2     1
3
13    7    7   20
4
38
1    1     7     30     0
1    2     10    22     2     (3,1)(8,5)
1    3     8     24     0
3    4     16    33     2     (5,6)(12,5)
4    5     21    15     5     (5,1)(7,5)(10,15)(12,1)(14,5)
4    6     15    17     0
5    7     17    30     0
6    8     12    40     2     (5,3)(7,9)
8    9     7     33     2     (1,3)(2,5)
9    10    11    23     4     (2,3)(4,6)(8,4)(10,5)
9    11    10    50     0
11   12    25    8      1     (3,3)
14   13    17    20     3     (4,6)(8,4)(10,5)
16   14    22    33     5     (9,5)(11,5)(16,7)(18,10)(20,5)
17   15    19    17     1     (7,7)
20   16    20    10     0
21   17    36    40     0
22   18    29    22     0
28   19    13    22     1     (12.5)
32   20    18    30     3     (2,3)(4,6)(7,4)
32   21    8     11     2     (3,5)(6,4)
34   22    2     10     0
35   23    19    15     3     (4,5)(7,8)(14,5)
35   24    1     17     0
38   25    16    20     1     (5,5)
40   26    5     33     0
41   27    15    27     0
43   28    28    33     0
44   29    24    23     0
46   30    32    33     2     (10,7)(24,3)
50   31    19    40     1     (10,5)
55   32    21    15     0
60   33    16    18     1     (12,5)
65   34    5     19     0
71   35    5     29     0
76   36    8     13     2     (3,7)(8,4)
79   37    4     14     0
83   38    12    17     0
5       8
15      5
17      6
17     10
20     15
21     17
28     21
34     25
40     30
44     16
60     26
70     35