TT	PID	AT	CT	IO_D	WT	RT	TRT
8	8	8	0	 3	0	0	0
14	3	1	8	 0	5	5	13
14	33	7	0	 0	7	0	7
14	34	13	0	 0	1	0	1
38	31	1	19	 0	18	18	37
38	36	26	0	 0	12	0	12
58	6	3	15	 0	40	40	55
58	37	43	0	 0	15	0	15
58	38	44	0	 0	14	0	14
71	7	4	13	 0	54	54	67
71	39	59	0	 0	12	0	12
80	32	4	9	 0	67	67	76
80	40	73	0	 0	7	0	7
119	1	1	20	 5	98	0	118
119	45	102	0	 0	17	0	17
175	12	11	50	 0	114	114	164
175	46	137	0	 0	38	0	38
175	47	138	0	 0	37	0	37
214	14	15	32	 0	167	167	199
214	49	185	0	 0	29	0	29
214	50	194	0	 0	20	0	20
228	35	15	14	 0	199	199	213
228	51	215	0	 0	13	0	13
228	52	216	0	 0	12	0	12
260	15	17	32	 0	211	211	243
260	53	231	0	 0	29	0	29
260	54	233	0	 0	27	0	27
334	17	22	69	 0	243	243	312
334	56	265	0	 0	69	0	69
334	57	270	0	 0	64	0	64
376	18	23	42	 0	311	311	353
376	58	346	0	 0	30	0	30
376	59	348	0	 0	28	0	28
384	22	35	2	 0	347	347	349
384	60	382	0	 0	2	0	2
389	24	35	1	 0	353	353	354
399	26	40	5	 0	354	354	359
399	63	395	0	 0	4	0	4
404	27	41	5	 0	358	358	363
410	29	44	4	 0	362	362	366
410	64	406	0	 0	4	0	4
415	41	80	2	 0	333	333	335
415	65	414	0	 0	1	0	1
443	42	84	27	 0	332	332	359
443	66	428	0	 0	15	0	15
443	67	429	0	 0	14	0	14
475	43	94	32	 0	349	349	381
475	68	443	0	 0	32	0	32
475	69	446	0	 0	29	0	29
505	44	96	30	 0	379	379	409
505	70	479	0	 0	26	0	26
505	71	494	0	 0	11	0	11
525	10	9	31	 12	485	72	516
525	72	505	0	 0	20	0	20
532	2	1	10	 6	521	3	531
563	48	177	31	 0	355	355	386
563	73	546	0	 0	17	0	17
563	74	552	0	 0	11	0	11
589	55	262	19	 0	308	308	327
589	76	573	0	 0	16	0	16
589	77	578	0	 0	11	0	11
642	19	30	33	 5	579	346	612
642	80	617	0	 0	25	0	25
642	81	620	0	 0	22	0	22
650	61	384	8	 0	258	258	266
650	82	642	0	 0	8	0	8
650	83	645	0	 0	5	0	5
658	62	389	5	 0	264	264	269
658	85	654	0	 0	4	0	4
662	25	40	6	 5	616	349	622
666	30	44	2	 6	620	366	622
670	9	8	3	 8	659	72	662
690	11	9	35	 8	646	83	681
713	75	566	23	 0	124	124	147
713	88	693	0	 0	20	0	20
713	89	696	0	 0	17	0	17
726	78	591	6	 0	129	129	135
726	90	724	0	 0	2	0	2
741	79	598	15	 0	128	128	143
741	91	728	0	 0	13	0	13
741	92	733	0	 0	8	0	8
742	4	1	16	 21	725	13	741
745	16	21	20	 9	704	241	724
771	84	651	26	 0	94	94	120
771	93	752	0	 0	19	0	19
771	94	757	0	 0	14	0	14
776	86	660	2	 0	114	114	116
781	87	662	5	 0	114	114	119
781	95	776	0	 0	5	0	5
781	96	779	0	 0	2	0	2
786	23	35	9	 13	742	349	751
789	28	42	8	 10	739	362	747
823	20	32	30	 13	761	346	791
823	98	805	0	 0	18	0	18
868	21	33	51	 12	784	347	835
868	99	855	0	 0	13	0	13
868	100	863	0	 0	5	0	5
877	97	789	9	 0	79	79	88
883	13	12	34	 12	837	163	871
890	5	2	20	 27	868	36	888
890	101	887	0	 0	3	0	3
Processes: 101
Avg WT =  176 , Avg RT =  96 , Avg TRT =  185
Migration :RTF =0 %	, MaxW= 0 %
Work steal%: 0	, Forked Process: 70.297
Killed Process: 0.990099 %
Processes before deadline: 0.990099 %
Processors: 1[1 FCFS,  0 SJF,  0 RR]
Processors Load
P1=4.74055	
Processors Utiliz
P1=99.7753	
Avg utilization =99.7753
