TT	PID	AT	CT	IO_D	WT	RT	TRT
5	3	3	0	 0	2	0	2
18	8	7	0	 12	11	0	11
20	12	10	0	 0	10	0	10
21	1	1	20	 0	0	0	20
21	32	10	0	 0	11	0	11
30	14	12	9	 0	9	9	18
30	33	25	0	 0	5	0	5
30	34	26	0	 0	4	0	4
40	18	22	10	 0	8	8	18
40	35	36	0	 0	4	0	4
40	36	39	0	 0	1	0	1
43	24	35	1	 0	7	7	8
43	39	42	0	 0	1	0	1
48	22	35	2	 0	11	11	13
63	9	8	3	 8	52	30	55
70	27	41	5	 0	24	24	29
72	37	40	29	 0	3	3	32
72	41	48	0	 0	24	0	24
80	31	6	14	 0	60	20	74
80	42	75	0	 0	5	0	5
80	43	76	0	 0	4	0	4
89	30	44	2	 6	43	43	45
108	38	41	28	 0	39	39	67
108	44	83	0	 0	25	0	25
108	45	93	0	 0	15	0	15
109	28	42	8	 10	59	28	67
117	29	44	4	 0	69	69	73
133	40	43	28	 0	62	38	90
133	47	114	0	 0	19	0	19
154	46	113	19	 0	22	22	41
154	48	141	0	 0	13	0	13
154	49	147	0	 0	7	0	7
162	2	2	10	 6	150	107	160
163	7	7	13	 0	143	7	156
174	26	40	5	 0	129	129	134
228	16	20	20	 0	188	12	208
241	4	3	16	 21	222	0	238
262	23	35	9	 13	218	54	227
269	10	9	31	 0	229	31	260
278	6	7	15	 0	256	1	271
293	25	40	6	 5	247	55	253
305	5	5	20	 27	280	15	300
378	19	30	33	 5	315	24	348
382	13	12	34	 0	336	36	370
429	20	32	30	 13	367	8	397
452	11	9	35	 0	408	47	443
454	15	17	32	 0	405	211	437
457	17	20	69	 0	368	109	437
466	21	32	51	 12	383	131	434
Processes: 49
Avg WT =  107 , Avg RT =  27 , Avg TRT =  120
Migration :RTF =0 %	, MaxW= 1095.92 %
Work steal%: 1242.86	, Forked Process: 38.7755
Killed Process: 10.2041 %
Processes before deadline: 8.16327 %
Processors: 2[1 FCFS,  0 SJF,  1 RR]
Processors Load
P1=2.5153	P2=7.8688	
Processors Utiliz
P1=31.7597	P2=99.3562	
Avg utilization =65.5579
