TT	PID	AT	CT	IO_D	WT	RT	TRT
5	3	3	0	 0	2	0	2
8	6	7	0	 0	1	0	1
20	12	10	0	 0	10	0	10
21	1	1	20	 0	0	0	20
21	31	5	0	 0	16	0	16
21	32	12	0	 0	9	0	9
53	15	17	32	 0	4	4	36
53	33	23	0	 0	30	0	30
53	34	26	0	 0	27	0	27
61	22	35	2	 0	24	24	26
73	29	44	4	 0	25	25	29
99	8	7	9	 12	83	6	92
136	24	35	1	 0	100	100	101
147	27	41	5	 0	101	101	106
148	7	7	13	 0	128	26	141
167	2	2	10	 6	155	129	165
181	30	44	2	 6	135	135	137
196	23	35	9	 13	152	44	161
201	26	40	5	 0	156	156	161
220	14	12	32	 0	176	15	208
234	16	20	20	 0	194	19	214
247	9	8	3	 8	236	10	239
266	25	40	6	 5	220	66	226
275	28	42	8	 10	225	159	233
286	20	32	30	 13	224	85	254
323	4	3	16	 21	304	0	320
333	10	9	31	 0	293	10	324
357	5	5	20	 27	332	3	352
409	13	12	34	 0	363	136	397
451	18	22	42	 0	387	114	429
452	19	30	33	 5	389	21	422
469	11	9	35	 0	425	146	460
484	17	20	69	 0	395	33	464
493	21	32	51	 12	410	234	461
Processes: 34
Avg WT =  168 , Avg RT =  52 , Avg TRT =  184
Migration :RTF =0 %	, MaxW= 2817.65 %
Work steal%: 2817.65	, Forked Process: 11.7647
Killed Process: 8.82353 %
Processes before deadline: 11.7647 %
Processors: 2[1 FCFS,  0 SJF,  1 RR]
Processors Load
P1=0.828949	P2=7.81125	
Processors Utiliz
P1=10.5477	P2=99.3915	
Avg utilization =54.9696
