TT	PID	AT	CT	IO_D	WT	RT	TRT
11	3	3	8	 0	0	0	8
22	31	2	18	 0	2	2	20
22	33	13	0	 0	9	0	9
24	32	6	15	 0	3	3	18
35	7	7	13	 0	15	0	28
38	2	2	10	 6	26	9	36
56	15	17	32	 0	7	7	39
69	10	9	31	 0	29	29	60
69	36	47	0	 0	22	0	22
69	37	53	0	 0	16	0	16
71	8	7	9	 12	55	10	64
71	38	70	0	 0	1	0	1
73	22	35	2	 0	36	36	38
73	39	72	0	 0	1	0	1
82	26	40	5	 0	37	37	42
82	41	81	0	 0	1	0	1
86	34	26	30	 0	30	30	60
89	35	27	29	 0	33	33	62
101	29	44	4	 0	53	53	57
102	16	20	20	 0	62	62	82
102	42	97	0	 0	5	0	5
102	43	99	0	 0	3	0	3
110	24	35	1	 0	74	74	75
113	40	74	7	 0	32	32	39
118	27	41	5	 0	72	72	77
144	18	22	42	 0	80	80	122
144	44	102	0	 0	42	0	42
147	28	42	8	 10	97	71	105
147	46	144	0	 0	3	0	3
147	47	145	0	 0	2	0	2
148	25	40	6	 5	102	61	108
152	12	10	50	 0	92	31	142
153	11	9	35	 9	109	13	144
167	45	117	26	 0	24	24	50
177	13	12	34	 0	131	111	165
177	50	171	0	 0	6	0	6
182	6	7	15	 0	160	160	175
183	5	5	20	 27	158	1	178
183	51	178	0	 0	5	0	5
189	4	3	16	 21	170	0	186
190	9	8	3	 8	179	7	182
190	48	154	7	 0	29	29	36
192	23	35	9	 13	148	38	157
202	49	164	12	 0	26	26	38
221	17	20	69	 0	132	132	201
223	52	183	31	 0	9	9	40
223	54	197	0	 0	26	0	26
234	53	184	30	 0	20	20	50
235	1	1	20	 15	214	0	234
250	14	12	32	 6	206	171	238
253	55	204	18	 0	31	31	49
262	19	30	33	 5	199	88	232
268	30	44	2	 6	222	222	224
300	56	250	47	 0	3	3	50
302	21	32	51	 12	219	54	270
309	57	265	36	 0	8	8	44
330	20	32	30	 13	268	230	298
330	58	308	0	 0	22	0	22
330	59	314	0	 0	16	0	16
Processes: 59
Avg WT =  64 , Avg RT =  35 , Avg TRT =  79
Migration :RTF =0 %	, MaxW= 0 %
Work steal%: 205.085	, Forked Process: 49.1525
Killed Process: 0 %
Processes before deadline: 0 %
Processors: 3[1 FCFS,  1 SJF,  0 RR]
Processors Load
P1=6.80417	P2=6.37891	P3=6.40017	
Processors Utiliz
P1=96.9697	P2=90.9091	P3=91.2121	
Avg utilization =93.0303
