TT	PID	AT	CT	IO_D	WT	RT	TRT
8	8	7	0	 3	1	0	1
12	3	3	8	 0	1	1	9
21	1	1	20	 0	0	0	20
21	31	1	0	 0	20	0	20
21	32	6	0	 0	15	0	15
28	7	7	13	 0	8	8	21
34	2	2	10	 6	22	0	32
52	10	9	31	 0	12	12	43
52	33	29	0	 0	23	0	23
52	34	38	0	 0	14	0	14
54	16	20	20	 0	14	14	34
58	29	44	4	 0	10	10	14
84	15	17	32	 0	35	35	67
84	35	54	0	 0	30	0	30
84	36	58	0	 0	26	0	26
90	14	12	32	 0	46	46	78
91	24	35	1	 0	55	55	56
93	22	35	2	 0	56	56	58
95	30	44	2	 6	49	49	51
100	27	41	5	 0	54	54	59
110	6	7	15	 0	88	88	103
110	39	96	0	 0	14	0	14
110	40	98	0	 0	12	0	12
115	28	42	8	 10	65	58	73
149	13	12	34	 0	103	103	137
171	37	85	49	 0	37	37	86
171	43	124	0	 0	47	0	47
171	44	126	0	 0	45	0	45
173	23	35	9	 13	129	70	138
179	42	117	12	 0	50	50	62
181	25	40	6	 5	135	46	141
187	26	40	5	 0	142	142	147
193	5	5	20	 27	168	105	188
193	41	114	0	 0	79	0	79
210	11	9	35	 0	166	166	201
210	45	183	0	 0	27	0	27
210	46	201	0	 0	9	0	9
218	20	32	30	 13	156	59	186
218	38	94	9	 0	115	116	124
218	47	215	0	 0	3	0	3
223	4	3	16	 21	204	149	220
254	19	30	33	 5	191	163	224
254	49	233	0	 0	21	0	21
254	50	236	0	 0	18	0	18
255	9	8	3	 8	244	4	247
268	12	10	50	 0	208	208	258
297	18	22	42	 0	233	233	275
297	51	256	0	 0	41	0	41
297	52	261	0	 0	36	0	36
313	48	221	45	 0	47	47	92
345	21	32	51	 12	262	52	313
384	17	20	69	 0	295	295	364
Processes: 52
Avg WT =  74 , Avg RT =  48 , Avg TRT =  88
Migration :RTF =0 %	, MaxW= 0 %
Work steal%: 190.385	, Forked Process: 42.3077
Killed Process: 1.92308 %
Processes before deadline: 3.84615 %
Processors: 2[1 FCFS,  1 SJF,  0 RR]
Processors Load
P1=7.40982	P2=8.25728	
Processors Utiliz
P1=88.8021	P2=98.9583	
Avg utilization =93.8802
