TT	PID	AT	CT	IO_D	WT	RT	TRT
10	5	5	0	 1	5	0	5
11	31	4	6	 0	1	1	7
11	3	3	8	 0	0	0	8
11	32	7	1	 0	3	4	4
11	33	11	0	 0	0	0	0
15	10	9	6	 0	0	0	6
15	34	12	0	 0	3	0	3
20	15	17	3	 0	0	0	3
20	7	7	13	 0	0	0	13
22	6	7	15	 0	0	0	15
40	16	20	20	 0	0	0	20
40	39	35	0	 0	5	0	5
40	40	36	0	 0	4	0	4
40	9	8	3	 8	29	14	32
40	2	2	10	 6	28	1	38
42	22	35	2	 0	5	5	7
44	14	12	32	 0	0	0	32
44	37	14	0	 0	30	0	30
46	13	12	34	 0	0	0	34
46	38	17	0	 0	29	0	29
46	27	41	5	 0	0	0	5
46	41	42	0	 0	4	0	4
46	42	45	0	 0	1	0	1
47	26	40	5	 0	2	2	7
57	11	9	35	 0	13	11	48
62	29	44	4	 0	14	14	18
65	35	13	32	 0	20	20	52
71	8	7	9	 12	55	19	64
77	25	40	6	 5	31	25	37
85	12	10	50	 0	25	5	75
88	28	42	8	 10	38	4	46
89	17	20	69	 0	0	0	69
90	24	35	1	 0	54	54	55
91	43	85	5	 0	1	1	6
91	36	13	30	 0	48	42	78
94	23	35	9	 13	50	7	59
96	19	30	33	 5	33	10	66
102	18	22	42	 0	38	35	80
112	1	1	20	 9	91	0	111
115	4	3	16	 21	96	0	112
138	30	44	2	 6	92	88	94
148	20	32	30	 13	86	0	116
148	21	32	51	 12	65	0	116
Processes: 43
Avg WT =  23 , Avg RT =  8 , Avg TRT =  37
Migration :RTF =34.8837 %	, MaxW= 83.7209 %
Work steal%: 20.9302	, Forked Process: 30.2326
Killed Process: 6.97674 %
Processes before deadline: 9.30233 %
Processors: 9[3 FCFS,  2 SJF,  2 RR]
Processors Load
P1=3.09789	P2=2.54027	P3=3.15985	P4=2.72615	P5=6.07187	P6=6.00991	P7=4.21313	P8=4.27509	P9=6.13383	
Processors Utiliz
P1=33.7838	P2=27.7027	P3=34.4595	P4=33.8462	P5=72.0588	P6=74.6154	P7=47.8873	P8=50	P9=70.2128	
Avg utilization =49.3963
