TT	PID	AT	CT	IO_D	WT	RT	TRT
8	1	1	7	 0	0	0	7
8	39	1	0	 0	7	0	7
8	40	4	0	 0	4	0	4
9	3	1	8	 0	0	0	8
26	7	5	17	 0	4	4	21
26	41	14	9	 0	3	4	12
26	43	26	0	 0	0	0	0
26	42	16	0	 0	10	0	10
26	11	9	10	 0	7	7	17
36	22	34	2	 0	0	0	2
40	24	35	1	 0	4	4	5
47	45	41	6	 0	0	0	6
48	44	32	8	 0	8	8	16
48	46	43	0	 0	5	0	5
49	12	11	25	 3	13	0	38
51	26	40	5	 0	6	6	11
53	2	1	10	 6	42	0	52
63	27	41	15	 0	7	7	22
63	47	48	0	 0	15	0	15
63	48	53	0	 0	10	0	10
63	6	4	15	 0	44	0	59
74	18	22	29	 0	23	2	52
75	28	43	28	 0	4	4	32
75	49	53	0	 0	22	0	22
75	50	59	13	 0	3	4	16
75	51	63	0	 0	12	0	12
75	52	64	0	 0	11	0	11
75	19	28	13	 5	34	0	47
80	9	8	7	 8	65	6	72
81	29	44	24	 0	13	0	37
83	37	79	4	 0	0	0	4
83	53	81	0	 0	2	0	2
83	21	32	8	 9	43	8	51
87	4	3	16	 11	68	1	84
92	35	71	5	 0	16	16	21
95	54	85	9	 0	1	1	10
95	56	91	0	 0	4	0	4
95	38	83	12	 0	0	0	12
95	55	88	1	 0	6	7	7
97	34	65	5	 0	27	27	32
102	8	6	12	 12	84	47	96
118	16	20	20	 0	78	0	98
123	36	76	8	 11	39	0	47
139	10	9	11	 18	119	0	130
153	13	14	17	 15	122	0	139
166	20	32	18	 13	116	0	134
170	33	60	16	 5	94	8	110
177	5	4	21	 27	152	22	173
179	14	16	22	 32	141	0	163
187	30	46	32	 10	109	1	141
199	15	17	19	 7	163	2	182
211	17	21	36	 0	154	0	190
230	31	50	19	 5	161	10	180
235	23	35	19	 18	181	1	200
265	32	55	21	 0	189	185	210
280	25	38	16	 5	226	197	242
Processes: 56
Avg WT =  47 , Avg RT =  10 , Avg TRT =  58
Migration :RTF =103.571 %	, MaxW= 62.5 %
Work steal%: 21.4286	, Forked Process: 32.1429
Killed Process: 0 %
Processes before deadline: 7.14286 %
Processors: 6[2 FCFS,  1 SJF,  2 RR]
Processors Load
P1=2.64438	P2=2.4924	P3=8.20669	P4=1.73252	P5=1.97568	P6=1.76292	
Processors Utiliz
P1=31.0714	P2=29.2857	P3=98.5401	P4=21.2687	P5=23.7226	P6=22.7451	
Avg utilization =37.7723
